0.1 1 10.5 10.3 5 3 1
0.1 2 29.6 40.2 -4 2 1
0.1 3 70.3 15 3 4 1
0.1 4 49.8 79.6 -2 -4 1
0.2 1 11 10.6 5 3 1
0.2 2 29.2 40.4 -4 2 1
0.2 3 70.6 15 3 -3.2 1
0.2 4 49.6 79.2 -2 -4 1
0.3 1 11.5 10.9 5 3 1
0.3 2 28.8 40.6 -4 2 1
0.3 3 70.9 14.68 3 -3.2 1
0.3 4 49.4 78.8 -2 -4 1
0.4 1 12 11.2 5 3 1
0.4 2 28.4 40.8 -4 2 1
0.4 3 71.2 14.36 3 -3.2 1
0.4 4 49.2 78.4 -2 -4 1
0.5 1 12.5 11.5 5 3 1
0.5 2 28 41 -4 2 1
0.5 3 71.5 14.04 3 -3.2 1
0.5 4 49 78 -2 -4 1
0.6 1 13 11.8 5 3 1
0.6 2 27.6 41.2 -4 2 1
0.6 3 71.8 13.72 3 -3.2 1
0.6 4 48.8 77.6 -2 -4 1
0.7 1 13.5 12.1 5 3 1
0.7 2 27.2 41.4 -4 2 1
0.7 3 72.1 13.4 3 -3.2 1
0.7 4 48.6 77.2 -2 -4 1
0.8 1 14 12.4 5 3 1
0.8 2 26.8 41.6 -4 2 1
0.8 3 72.4 13.08 3 -3.2 1
0.8 4 48.4 76.8 -2 -4 1
0.9 1 14.5 12.7 5 3 1
0.9 2 26.4 41.8 -4 2 1
0.9 3 72.7 12.76 3 -3.2 1
0.9 4 48.2 76.4 -2 -4 1
1 1 15 13 5 3 1
1 2 26 42 -4 2 1
1 3 73 12.44 3 -3.2 1
1 4 48 76 -2 -4 1
1.1 1 15.5 13.3 5 3 1
1.1 2 25.6 42.2 -4 2 1
1.1 3 73.3 12.12 3 -3.2 1
1.1 4 47.8 75.6 -2 -4 1
1.2 1 16 13.6 5 3 1
1.2 2 25.2 42.4 -4 2 1
1.2 3 73.6 11.8 3 -3.2 1
1.2 4 47.6 75.2 -2 -4 1
1.3 1 16.5 13.9 5 3 1
1.3 2 24.8 42.6 -4 2 1
1.3 3 73.9 11.48 3 -3.2 1
1.3 4 47.4 74.8 -2 -4 1
1.4 1 17 14.2 5 3 1
1.4 2 24.4 42.8 -4 2 1
1.4 3 74.2 11.16 3 -3.2 1
1.4 4 47.2 74.4 -2 -4 1
1.5 1 17.5 14.5 5 3 1
1.5 2 24 43 -4 2 1
1.5 3 74.5 10.84 3 -3.2 1
1.5 4 47 74 -2 -4 1
1.6 1 18 14.8 5 3 1
1.6 2 23.6 43.2 -4 2 1
1.6 3 74.8 10.52 3 -3.2 1
1.6 4 46.8 73.6 -2 -4 1
1.7 1 18.5 15 5 -2.4 1
1.7 2 23.2 43.4 -4 2 1
1.7 3 75.1001 10.2 3 -3.2 1
1.7 4 46.6 73.2 -2 -4 1
1.8 1 19 14.76 5 -2.4 1
1.8 2 22.8 43.6 -4 2 1
1.8 3 75.4001 9.88 3 -3.2 1
1.8 4 46.4 72.8 -2 -4 1
1.9 1 19.5 14.52 5 -2.4 1
1.9 2 22.4 43.8 -4 2 1
1.9 3 75.7001 9.56001 3 -3.2 1
1.9 4 46.2 72.4 -2 -4 1
2 1 20 14.28 5 -2.4 1
2 2 22 44 -4 2 1
2 3 76.0001 9.24001 3 -3.2 1
2 4 46 72 -2 -4 1
2.1 1 20.5 14.04 5 -2.4 1
2.1 2 21.6 44.2 -4 2 1
2.1 3 76.3001 8.92001 3 -3.2 1
2.1 4 45.8 71.6 -2 -4 1
2.2 1 21 13.8 5 -2.4 1
2.2 2 21.2 44.4 -4 2 1
2.2 3 76.6001 8.60001 3 -3.2 1
2.2 4 45.6 71.2 -2 -4 1
2.3 1 21.5 13.56 5 -2.4 1
2.3 2 20.8 44.6 -4 2 1
2.3 3 76.9001 8.28001 3 -3.2 1
2.3 4 45.4 70.8 -2 -4 1
2.4 1 22 13.32 5 -2.4 1
2.4 2 20.4 44.8 -4 2 1
2.4 3 77.2001 7.96001 3 -3.2 1
2.4 4 45.2 70.4 -2 -4 1
2.5 1 22.5 13.08 5 -2.4 1
2.5 2 20 45 -4 2 1
2.5 3 77.5001 7.64001 3 -3.2 1
2.5 4 45 70 -2 -4 1
2.6 1 23 12.84 5 -2.4 1
2.6 2 19.6 45.2 -4 2 1
2.6 3 77.8001 7.32001 3 -3.2 1
2.6 4 44.8 69.6 -2 -4 1
2.7 1 23.5 12.6 5 -2.4 1
2.7 2 19.2 45.4 -4 2 1
2.7 3 78.1001 7.00001 3 -3.2 1
2.7 4 44.6 69.2 -2 -4 1
2.8 1 24 12.36 5 -2.4 1
2.8 2 18.8 45.6 -4 2 1
2.8 3 78.4001 6.68001 3 -3.2 1
2.8 4 44.4 68.8 -2 -4 1
2.9 1 24.5 12.12 5 -2.4 1
2.9 2 18.4 45.8 -4 2 1
2.9 3 78.7001 6.36001 3 -3.2 1
2.9 4 44.2 68.4 -2 -4 1
3 1 25 11.88 5 -2.4 1
3 2 18 46 -4 2 1
3 3 79.0001 6.04001 3 -3.2 1
3 4 44 68 -2 -4 1
3.1 1 25.5 11.64 5 -2.4 1
3.1 2 17.6 46.2 -4 2 1
3.1 3 79.3001 5.72001 3 -3.2 1
3.1 4 43.8 67.6 -2 -4 1
3.2 1 26 11.4 5 -2.4 1
3.2 2 17.2 46.4 -4 2 1
3.2 3 79.6001 5.4 3 -3.2 1
3.2 4 43.6 67.2 -2 -4 1
3.3 1 26.5 11.16 5 -2.4 1
3.3 2 16.8 46.6 -4 2 1
3.3 3 79.9001 5.08 3 -3.2 1
3.3 4 43.4 66.7999 -2 -4 1
3.4 1 27 10.92 5 -2.4 1
3.4 2 16.4 46.8 -4 2 1
3.4 3 80.2001 5 3 3.2 1
3.4 4 43.2 66.3999 -2 -4 1
3.5 1 27.5 10.68 5 -2.4 1
3.5 2 16 47 -4 2 1
3.5 3 80.5001 5.32 3 3.2 1
3.5 4 43 65.9999 -2 -4 1
3.6 1 28 10.44 5 -2.4 1
3.6 2 15.6 47.2 -4 2 1
3.6 3 80.8001 5.64 3 3.2 1
3.6 4 42.8 65.5999 -2 -4 1
3.7 1 28.5 10.2 5 -2.4 1
3.7 2 15.2 47.4 -4 2 1
3.7 3 81.1001 5.96 3 3.2 1
3.7 4 42.6 65.1999 -2 -4 1
3.8 1 29 9.96 5 -2.4 1
3.8 2 14.8 47.6 -4 2 1
3.8 3 81.4001 6.28 3 3.2 1
3.8 4 42.4 64.7999 -2 -4 1
3.9 1 29.5 9.72001 5 -2.4 1
3.9 2 14.4 47.8 -4 2 1
3.9 3 81.7001 6.6 3 3.2 1
3.9 4 42.2 64.3999 -2 -4 1
4 1 30 9.48001 5 -2.4 1
4 2 14 48 -4 2 1
4 3 82.0001 6.92 3 3.2 1
4 4 42 63.9999 -2 -4 1
4.1 1 30.5 9.24001 5 -2.4 1
4.1 2 13.6 48.2 -4 2 1
4.1 3 82.3001 7.24 3 3.2 1
4.1 4 41.8 63.5999 -2 -4 1
4.2 1 31 9.00001 5 -2.4 1
4.2 2 13.2 48.4 -4 2 1
4.2 3 82.6001 7.56 3 3.2 1
4.2 4 41.6 63.1999 -2 -4 1
4.3 1 31.5 8.76001 5 -2.4 1
4.3 2 12.8 48.6 -4 2 1
4.3 3 82.9001 7.88 3 3.2 1
4.3 4 41.4 62.7999 -2 -4 1
4.4 1 32 8.52001 5 -2.4 1
4.4 2 12.4 48.8 -4 2 1
4.4 3 83.2001 8.2 3 3.2 1
4.4 4 41.2 62.3999 -2 -4 1
4.5 1 32.5 8.28001 5 -2.4 1
4.5 2 12 49 -4 2 1
4.5 3 83.5001 8.52 3 3.2 1
4.5 4 41 61.9999 -2 -4 1
4.6 1 33 8.04001 5 -2.4 1
4.6 2 11.6 49.2 -4 2 1
4.6 3 83.8001 8.84 3 3.2 1
4.6 4 40.8 61.5999 -2 -4 1
4.7 1 33.5 7.80001 5 -2.4 1
4.7 2 11.2 49.4 -4 2 1
4.7 3 84.1001 9.16 3 3.2 1
4.7 4 40.6 61.1999 -2 -4 1
4.8 1 34 7.56001 5 -2.4 1
4.8 2 10.8 49.6 -4 2 1
4.8 3 84.4001 9.48 3 3.2 1
4.8 4 40.4 60.7999 -2 -4 1
4.9 1 34.5 7.32001 5 -2.4 1
4.9 2 10.4 49.8 -4 2 1
4.9 3 84.7001 9.8 3 3.2 1
4.9 4 40.2 60.3999 -2 -4 1
5 1 35 7.08001 5 -2.4 1
5 2 10 50 -4 2 1
5 3 85.0002 10.12 3 3.2 1
5 4 40 59.9999 -2 -4 1
5.1 1 35.5 6.84001 5 -2.4 1
5.1 2 9.60002 50.2 -4 2 1
5.1 3 85.3002 10.44 3 3.2 1
5.1 4 39.8 59.5999 -2 -4 1
5.2 1 36 6.60001 5 -2.4 1
5.2 2 9.20002 50.4 -4 2 1
5.2 3 85.6002 10.76 3 3.2 1
5.2 4 39.6 59.1999 -2 -4 1
5.3 1 36.5 6.36001 5 -2.4 1
5.3 2 8.80002 50.6 -4 2 1
5.3 3 85.9002 11.08 3 3.2 1
5.3 4 39.4 58.7999 -2 -4 1
5.4 1 37 6.12001 5 -2.4 1
5.4 2 8.40002 50.8 -4 2 1
5.4 3 86.2002 11.4 3 3.2 1
5.4 4 39.2 58.3999 -2 -4 1
5.5 1 37.5 5.88001 5 -2.4 1
5.5 2 8.00002 51 -4 2 1
5.5 3 86.5002 11.72 3 3.2 1
5.5 4 39 57.9999 -2 -4 1
5.6 1 38 5.64001 5 -2.4 1
5.6 2 7.60002 51.2 -4 2 1
5.6 3 86.8002 12.04 3 3.2 1
5.6 4 38.8 57.5999 -2 -4 1
5.7 1 38.5 5.40001 5 -2.4 1
5.7 2 7.20002 51.4 -4 2 1
5.7 3 87.1002 12.36 3 3.2 1
5.7 4 38.6 57.1999 -2 -4 1
5.8 1 39 5.16001 5 -2.4 1
5.8 2 6.80002 51.6 -4 2 1
5.8 3 87.4002 12.68 3 3.2 1
5.8 4 38.4 56.7999 -2 -4 1
5.9 1 39.5 5 5 2.4 1
5.9 2 6.40002 51.8 -4 2 1
5.9 3 87.7002 13 3 3.2 1
5.9 4 38.2 56.3999 -2 -4 1
6 1 40 5.24 5 2.4 1
6 2 6.00002 52 -4 2 1
6 3 88.0002 13.32 3 3.2 1
6 4 38 55.9999 -2 -4 1
6.1 1 40.5 5.48 5 2.4 1
6.1 2 5.60002 52.2 -4 2 1
6.1 3 88.3002 13.64 3 3.2 1
6.1 4 37.8 55.5999 -2 -4 1
6.2 1 41 5.72 5 2.4 1
6.2 2 5.20002 52.4 -4 2 1
6.2 3 88.6002 13.96 3 3.2 1
6.2 4 37.6 55.1999 -2 -4 1
6.3 1 41.5 5.96 5 2.4 1
6.3 2 5 52.6 4 2 1
6.3 3 88.9002 14.28 3 3.2 1
6.3 4 37.4 54.7999 -2 -4 1
6.4 1 42 6.2 5 2.4 1
6.4 2 5.4 52.8 4 2 1
6.4 3 89.2002 14.6 3 3.2 1
6.4 4 37.2 54.3999 -2 -4 1
6.5 1 42.5 6.44 5 2.4 1
6.5 2 5.8 53 4 2 1
6.5 3 89.5002 14.92 3 3.2 1
6.5 4 37 53.9999 -2 -4 1
6.6 1 43 6.68 5 2.4 1
6.6 2 6.2 53.2001 4 2 1
6.6 3 89.8002 15.24 3 3.2 1
6.6 4 36.7999 53.5999 -2 -4 1
6.7 1 43.5 6.92 5 2.4 1
6.7 2 6.6 53.4001 4 2 1
6.7 3 90.1002 15.56 3 3.2 1
6.7 4 36.5999 53.1999 -2 -4 1
6.8 1 44 7.16 5 2.4 1
6.8 2 7 53.6001 4 2 1
6.8 3 90.4002 15.88 3 3.2 1
6.8 4 36.3999 52.7999 -2 -4 1
6.9 1 44.5 7.4 5 2.4 1
6.9 2 7.4 53.8001 4 2 1
6.9 3 90.7002 16.2 3 3.2 1
6.9 4 36.1999 52.3999 -2 -4 1
7 1 45 7.64 5 2.4 1
7 2 7.8 54.0001 4 2 1
7 3 91.0002 16.52 3 3.2 1
7 4 35.9999 51.9999 -2 -4 1
7.1 1 45.5 7.88 5 2.4 1
7.1 2 8.2 54.2001 4 2 1
7.1 3 91.3002 16.84 3 3.2 1
7.1 4 35.7999 51.5999 -2 -4 1
7.2 1 46 8.12 5 2.4 1
7.2 2 8.6 54.4001 4 2 1
7.2 3 91.6002 17.16 3 3.2 1
7.2 4 35.5999 51.1999 -2 -4 1
7.3 1 46.5 8.36 5 2.4 1
7.3 2 9 54.6001 4 2 1
7.3 3 91.9002 17.48 3 3.2 1
7.3 4 35.3999 50.7999 -2 -4 1
7.4 1 47 8.6 5 2.4 1
7.4 2 9.4 54.8001 4 2 1
7.4 3 92.2002 17.8 3 3.2 1
7.4 4 35.1999 50.3999 -2 -4 1
7.5 1 47.5 8.84 5 2.4 1
7.5 2 9.8 55.0001 4 2 1
7.5 3 92.5002 18.12 3 3.2 1
7.5 4 34.9999 49.9999 -2 -4 1
7.6 1 48 9.08 5 2.4 1
7.6 2 10.2 55.2001 4 2 1
7.6 3 92.8002 18.44 3 3.2 1
7.6 4 34.7999 49.5999 -2 -4 1
7.7 1 48.5 9.32 5 2.4 1
7.7 2 10.6 55.4001 4 2 1
7.7 3 93.1002 18.76 3 3.2 1
7.7 4 34.5999 49.1999 -2 -4 1
7.79999 1 49 9.56 5 2.4 1
7.79999 2 11 55.6001 4 2 1
7.79999 3 93.4002 19.08 3 3.2 1
7.79999 4 34.3999 48.7999 -2 -4 1
7.89999 1 49.5 9.8 5 2.4 1
7.89999 2 11.4 55.8001 4 2 1
7.89999 3 93.7002 19.4 3 3.2 1
7.89999 4 34.1999 48.3999 -2 -4 1
7.99999 1 50 10.04 5 2.4 1
7.99999 2 11.8 56.0001 4 2 1
7.99999 3 94.0002 19.72 3 3.2 1
7.99999 4 33.9999 47.9999 -2 -4 1
8.09999 1 50.5 10.28 5 2.4 1
8.09999 2 12.2 56.2001 4 2 1
8.09999 3 94.3002 20.04 3 3.2 1
8.09999 4 33.7999 47.5999 -2 -4 1
8.2 1 51 10.52 5 2.4 1
8.2 2 12.6 56.4001 4 2 1
8.2 3 94.6003 20.36 3 3.2 1
8.2 4 33.5999 47.1999 -2 -4 1
8.3 1 51.5 10.76 5 2.4 1
8.3 2 13 56.6001 4 2 1
8.3 3 94.9003 20.68 3 3.2 1
8.3 4 33.3999 46.7999 -2 -4 1
8.4 1 52 11 5 2.4 1
8.4 2 13.4 56.8001 4 2 1
8.4 3 95 21 -3 3.2 1
8.4 4 33.1999 46.3999 -2 -4 1
8.5 1 52.5 11.24 5 2.4 1
8.5 2 13.8 57.0001 4 2 1
8.5 3 94.7 21.32 -3 3.2 1
8.5 4 32.9999 45.9999 -2 -4 1
8.6 1 53 11.48 5 2.4 1
8.6 2 14.2 57.2001 4 2 1
8.6 3 94.4 21.64 -3 3.2 1
8.6 4 32.7999 45.5999 -2 -4 1
8.7 1 53.5 11.72 5 2.4 1
8.7 2 14.6 57.4001 4 2 1
8.7 3 94.1 21.96 -3 3.2 1
8.7 4 32.5999 45.1999 -2 -4 1
8.8 1 54 11.96 5 2.4 1
8.8 2 15 57.6001 4 2 1
8.8 3 93.8 22.28 -3 3.2 1
8.8 4 32.3999 44.7999 -2 -4 1
8.9 1 54.5 12.2 5 2.4 1
8.9 2 15 57.8001 -3.2 2 1
8.9 3 93.5 22.6 -3 3.2 1
8.9 4 32.1999 44.3999 -2 -4 1
9 1 55 12.44 5 2.4 1
9 2 14.68 58.0001 -3.2 2 1
9 3 93.2 22.92 -3 3.2 1
9 4 31.9999 43.9999 -2 -4 1
9.1 1 55.5 12.68 5 2.4 1
9.1 2 14.36 58.2001 -3.2 2 1
9.1 3 92.9 23.24 -3 3.2 1
9.1 4 31.7999 43.5999 -2 -4 1
9.2 1 56 12.92 5 2.4 1
9.2 2 14.04 58.4001 -3.2 2 1
9.2 3 92.6 23.56 -3 3.2 1
9.2 4 31.5999 43.1999 -2 -4 1
9.3 1 56.5 13.16 5 2.4 1
9.3 2 13.72 58.6001 -3.2 2 1
9.3 3 92.3 23.88 -3 3.2 1
9.3 4 31.3999 42.7999 -2 -4 1
9.4 1 57 13.4 5 2.4 1
9.4 2 13.4 58.8001 -3.2 2 1
9.4 3 92 24.2 -3 3.2 1
9.4 4 31.1999 42.3999 -2 -4 1
9.5 1 57.5 13.64 5 2.4 1
9.5 2 13.08 59.0001 -3.2 2 1
9.5 3 91.7 24.52 -3 3.2 1
9.5 4 30.9999 41.9999 -2 -4 1
9.6 1 58 13.88 5 2.4 1
9.6 2 12.76 59.2001 -3.2 2 1
9.6 3 91.4 24.84 -3 3.2 1
9.6 4 30.7999 41.5999 -2 -4 1
9.7 1 58.5 14.12 5 2.4 1
9.7 2 12.44 59.4001 -3.2 2 1
9.7 3 91.1 25.16 -3 3.2 1
9.7 4 30.5999 41.1999 -2 -4 1
9.8 1 59 14.36 5 2.4 1
9.8 2 12.12 59.6001 -3.2 2 1
9.8 3 90.8 25.48 -3 3.2 1
9.8 4 30.3999 40.7999 -2 -4 1
9.9 1 59.5 14.6 5 2.4 1
9.9 2 11.8 59.8001 -3.2 2 1
9.9 3 90.5 25.8 -3 3.2 1
9.9 4 30.1999 40.3998 -2 -4 1
10 1 60 14.84 5 2.4 1
10 2 11.48 60.0001 -3.2 2 1
10 3 90.2 26.12 -3 3.2 1
10 4 29.9999 39.9998 -2 -4 1
